1099.739	75.999661	0.033349456	0.162187815
1199.668	76.71966	0.033349456	0.162187815
1300.378	76.614638	0.033349456	0.162187815
1400.138	77.14585	0.033349456	0.162187815
1500.794	77.221274	0.033349456	0.162187815
1600.202	77.572575	0.033349456	0.162187815
1700.192	77.804165	0.033349456	0.162187815
1800.165	77.887619	0.033349456	0.162187815
1900.04	77.929275	0.033349456	0.162187815
2000.656	77.637914	0.033349456	0.162187815
2099.866	77.920784	0.033349456	0.162187815
2199.972	77.822976	0.033349456	0.162187815
2300.339	77.711787	0.033349456	0.162187815
2400.27	77.583208	0.033349456	0.162187815
2499.913	77.630088	0.033349456	0.162187815
2599.888	77.362842	0.033349456	0.162187815
2700.264	77.120736	0.033349456	0.162187815
2799.965	77.146655	0.033349456	0.162187815
2900.224	76.70196	0.033349456	0.162187815
2999.779	76.74135	0.033349456	0.162187815
3099.958	76.369645	0.033349456	0.162187815
3200.092	76.149469	0.033349456	0.162187815
3300.027	75.878406	0.033349456	0.162187815
3400.07	75.57746	0.033349456	0.162187815
3499.878	75.443984	0.033349456	0.162187815
3599.724	75.240266	0.033349456	0.162187815
3700.19	74.876672	0.033349456	0.162187815
3800.013	74.635624	0.033349456	0.162187815
3900.048	74.374377	0.033349456	0.162187815
3999.821	74.275426	0.033349456	0.162187815
4100.11	73.891867	0.033349456	0.162187815
4200.231	73.641609	0.033349456	0.162187815
4299.911	73.367442	0.033349456	0.162187815
4400.109	73.028125	0.033349456	0.162187815
4499.929	72.777127	0.033349456	0.162187815
4599.983	72.489807	0.033349456	0.162187815
4700.128	72.3055	0.033349456	0.162187815
4799.985	71.916449	0.033349456	0.162187815
4899.853	71.793331	0.033349456	0.162187815
5000.154	71.265872	0.033349456	0.162187815
5100.027	70.963512	0.033349456	0.162187815
5199.946	70.689572	0.033349456	0.162187815
5300.057	70.443906	0.033349456	0.162187815
5400.14	70.193034	0.033349456	0.162187815
5499.993	69.947871	0.033349456	0.162187815
5600.227	69.617487	0.033349456	0.162187815
5700.109	69.285356	0.033349456	0.162187815
5800.087	68.934144	0.033349456	0.162187815
5900	68.795004	0.033349456	0.162187815
6000.096	68.429661	0.033349456	0.162187815
6100.013	68.157419	0.033349456	0.162187815
6200.113	67.808248	0.033349456	0.162187815
6300.037	67.490084	0.033349456	0.162187815
6400.194	67.346847	0.033349456	0.162187815
6499.87	67.174932	0.033349456	0.162187815
6599.794	66.833622	0.033349456	0.162187815
6700.072	66.473195	0.033349456	0.162187815
6800.105	66.079584	0.033349456	0.162187815
6900.135	65.786739	0.033349456	0.162187815
7000.225	65.667536	0.033349456	0.162187815
7100.229	65.436056	0.033349456	0.162187815
7200.084	64.948119	0.033349456	0.162187815
7300.129	64.792828	0.033349456	0.162187815
7399.956	64.449813	0.033349456	0.162187815
7500.146	64.190368	0.033349456	0.162187815
7600.057	63.908235	0.033349456	0.162187815
7700.083	63.543992	0.033349456	0.162187815
7800.062	63.314497	0.033349456	0.162187815
7900.174	63.078459	0.033349456	0.162187815
8000.084	62.671634	0.033349456	0.162187815
8100.186	62.442127	0.033349456	0.162187815
8200.018	62.34993	0.033349456	0.162187815
8300.082	61.895611	0.033349456	0.162187815
8399.935	61.648474	0.033349456	0.162187815
8500.126	61.414225	0.033349456	0.162187815
8600.043	61.282048	0.033349456	0.162187815
8700.207	60.921778	0.033349456	0.162187815
8800.221	60.677472	0.033349456	0.162187815
8900.11	60.348415	0.033349456	0.162187815
9000.12	59.979878	0.033349456	0.162187815
9100.044	59.579916	0.033349456	0.162187815
9200.108	59.601714	0.033349456	0.162187815
9300.078	59.372515	0.033349456	0.162187815
9400.151	58.980191	0.033349456	0.162187815
9500.257	58.701877	0.033349456	0.162187815
9600.069	58.505876	0.033349456	0.162187815
9699.952	58.188127	0.033349456	0.162187815
9800.02	57.918413	0.033349456	0.162187815
9900.068	57.622143	0.033349456	0.162187815
10000.209	57.397845	0.033349456	0.162187815
10100.077	57.1557	0.033349456	0.162187815
10200.136	56.950448	0.033349456	0.162187815
10300.215	56.76015	0.033349456	0.162187815
10400.233	56.452945	0.033349456	0.162187815
10500.155	56.25876	0.033349456	0.162187815
10600.1	55.977223	0.033349456	0.162187815
10700.089	55.754374	0.033349456	0.162187815
10800.088	55.54916	0.033349456	0.162187815
10900.12	55.172921	0.033349456	0.162187815
11000.167	55.093739	0.033349456	0.162187815
11100.189	54.873392	0.033349456	0.162187815
11200.261	54.604134	0.033349456	0.162187815
11300.042	54.328114	0.033349456	0.162187815
11400.037	54.338761	0.033349456	0.162187815
11500.109	53.888587	0.033349456	0.162187815
11600.098	53.6861	0.033349456	0.162187815
11700.115	53.524162	0.033349456	0.162187815
11800.141	53.159923	0.033349456	0.162187815
11900.183	52.92667	0.033349456	0.162187815
12000.27	52.699441	0.033349456	0.162187815
12099.955	52.748454	0.033349456	0.162187815
12200.017	52.362272	0.033349456	0.162187815
12300.124	51.874259	0.033349456	0.162187815
12400.1	51.917531	0.033349456	0.162187815
12500.107	51.813516	0.033349456	0.162187815
12600.207	51.601112	0.033349456	0.162187815
12700.211	51.38389	0.033349456	0.162187815
12800.044	51.016801	0.033349456	0.162187815
12900.141	51.003466	0.033349456	0.162187815
13000.069	50.472364	0.033349456	0.162187815
13100.123	50.496071	0.033349456	0.162187815
13200.28	49.925623	0.033349456	0.162187815
13300.145	49.752422	0.033349456	0.162187815
13500.226	49.501131	0.033349456	0.162187815
13600.122	49.5199	0.033349456	0.162187815
13700.089	49.116788	0.033349456	0.162187815
13800.128	49.17156	0.033349456	0.162187815
13900.225	48.888149	0.033349456	0.162187815
14000.182	48.482046	0.033349456	0.162187815
14100.195	48.454915	0.033349456	0.162187815
14200.231	48.251565	0.033349456	0.162187815
14300.257	48.034355	0.033349456	0.162187815
14400.13	47.700167	0.033349456	0.162187815
14500.096	47.594011	0.033349456	0.162187815
14600.153	47.303755	0.033349456	0.162187815
14700.116	47.113537	0.033349456	0.162187815
14800.133	47.080324	0.033349456	0.162187815
14900.147	46.841101	0.033349456	0.162187815
15000.181	46.619588	0.033349456	0.162187815
15100.203	46.446589	0.033349456	0.162187815
15200.035	46.334131	0.033349456	0.162187815
15300.133	46.02123	0.033349456	0.162187815
15400.125	46.072011	0.033349456	0.162187815
15500.047	45.740813	0.033349456	0.162187815
15600.232	45.548492	0.033349456	0.162187815
15700.229	45.435258	0.033349456	0.162187815
15800.238	45.156281	0.033349456	0.162187815
15900.051	44.842967	0.033349456	0.162187815
16000.145	44.689523	0.033349456	0.162187815
16100.124	44.788426	0.033349456	0.162187815
16200.125	44.810495	0.033349456	0.162187815
16300.159	44.307102	0.033349456	0.162187815
16400.204	43.994674	0.033349456	0.162187815
16500.272	44.02059	0.033349456	0.162187815
16600.289	43.868167	0.033349456	0.162187815
16700.1	43.620162	0.033349456	0.162187815
16800.096	43.578868	0.033349456	0.162187815
16900.17	43.579134	0.033349456	0.162187815
17000.188	43.218438	0.033349456	0.162187815
17100.163	42.965647	0.033349456	0.162187815
17200.211	42.988029	0.033349456	0.162187815
17300.275	42.882701	0.033349456	0.162187815
17400.251	42.564508	0.033349456	0.162187815
17500.1	42.406429	0.033349456	0.162187815
17600.166	42.312101	0.033349456	0.162187815
17700.126	42.154931	0.033349456	0.162187815
17800.167	41.995718	0.033349456	0.162187815
17900.25	41.566397	0.033349456	0.162187815
18000.251	41.581183	0.033349456	0.162187815
18100.229	41.22664	0.033349456	0.162187815
18200.252	41.308742	0.033349456	0.162187815
18300.091	41.200783	0.033349456	0.162187815
18400.128	40.676323	0.033349456	0.162187815
18500.187	40.856161	0.033349456	0.162187815
18600.222	40.588893	0.033349456	0.162187815
18700.16	40.471722	0.033349456	0.162187815
18800.249	40.187434	0.033349456	0.162187815
18900.285	40.03539	0.033349456	0.162187815
19000.091	40.062104	0.033349456	0.162187815
19100.084	39.971684	0.033349456	0.162187815
19200.144	39.692616	0.033349456	0.162187815
19300.191	39.761373	0.033349456	0.162187815
19400.199	39.422126	0.033349456	0.162187815
19500.235	39.265891	0.033349456	0.162187815
19600.224	39.213657	0.033349456	0.162187815
19800.054	38.943575	0.033349456	0.162187815
19900.13	38.763386	0.033349456	0.162187815
20000.172	39.853721	0.033349456	0.162187815