0	-1.02103	0.002971724
4.00E-06	-1.06034	0.002971724
8.00E-06	-1.09063	0.002971724
1.20E-05	-1.12092	0.002971724
1.60E-05	-1.14927	0.002971724
2.00E-05	-1.17215	0.002971724
2.40E-05	-1.196	0.002971724
2.80E-05	-1.2134	0.002971724
3.20E-05	-1.22886	0.002971724
3.60E-05	-1.24208	0.002971724
4.00E-05	-1.25045	0.002971724
4.40E-05	-1.25754	0.002971724
4.80E-05	-1.25883	0.002971724
5.20E-05	-1.25593	0.002971724
5.60E-05	-1.25239	0.002971724
6.00E-05	-1.24981	0.002971724
6.40E-05	-1.23918	0.002971724
6.80E-05	-1.225	0.002971724
7.20E-05	-1.20695	0.002971724
7.60E-05	-1.19567	0.002971724
8.00E-05	-1.17183	0.002971724
8.40E-05	-1.14573	0.002971724
8.80E-05	-1.12124	0.002971724
9.20E-05	-1.08547	0.002971724
9.60E-05	-1.04938	0.002971724
1.00E-04	-1.01168	0.002971724
0.000104	-0.982038	0.002971724
0.000108	-0.931448	0.002971724
0.000112	-0.882469	0.002971724
0.000116	-0.835424	0.002971724
0.00012	-0.783867	0.002971724
0.000124	-0.728766	0.002971724
0.000128	-0.672377	0.002971724
0.000132	-0.615342	0.002971724
0.000136	-0.555086	0.002971724
0.00014	-0.493218	0.002971724
0.000144	-0.423617	0.002971724
0.000148	-0.356915	0.002971724
0.000152	-0.291825	0.002971724
0.000156	-0.228346	0.002971724
0.00016	-0.158745	0.002971724
0.000164	-0.0897882	0.002971724
0.000168	-0.0227648	0.002971724
0.000172	0.0423253	0.002971724
0.000176	0.109027	0.002971724
0.00018	0.163483	0.002971724
0.000184	0.224707	0.002971724
0.000188	0.288508	0.002971724
0.000192	0.347798	0.002971724
0.000196	0.407732	0.002971724
0.0002	0.461222	0.002971724
0.000204	0.519223	0.002971724
0.000208	0.572069	0.002971724
0.000212	0.622014	0.002971724
0.000216	0.672282	0.002971724
0.00022	0.720616	0.002971724
0.000224	0.769273	0.002971724
0.000228	0.815351	0.002971724
0.000232	0.858208	0.002971724
0.000236	0.902353	0.002971724
0.00024	0.944243	0.002971724
0.000244	0.981299	0.002971724
0.000248	1.01481	0.002971724
0.000252	1.04768	0.002971724
0.000256	1.08345	0.002971724
0.00026	1.11599	0.002971724
0.000264	1.14435	0.002971724
0.000268	1.17109	0.002971724
0.000272	1.193	0.002971724
0.000276	1.21266	0.002971724
0.00028	1.2307	0.002971724
0.000284	1.24166	0.002971724
0.000288	1.25648	0.002971724
0.000292	1.25874	0.002971724
0.000296	1.26325	0.002971724
0.0003	1.26325	0.002971724
0.000304	1.25938	0.002971724
0.000308	1.25262	0.002971724
0.000312	1.24456	0.002971724
0.000316	1.23167	0.002971724
0.00032	1.2191	0.002971724
0.000324	1.19977	0.002971724
0.000328	1.18334	0.002971724
0.000332	1.16014	0.002971724
0.000336	1.13178	0.002971724
0.00034	1.1031	0.002971724
0.000344	1.07313	0.002971724
0.000348	1.03737	0.002971724
0.000352	1.0016	0.002971724
0.000356	0.951976	0.002971724
0.00036	0.908475	0.002971724
0.000364	0.868197	0.002971724
0.000368	0.806329	0.002971724
0.000372	0.759928	0.002971724
0.000376	0.699671	0.002971724
0.00038	0.644248	0.002971724
0.000384	0.578513	0.002971724
0.000388	0.522446	0.002971724
0.000392	0.458	0.002971724
0.000396	0.395165	0.002971724
0.0004	0.332331	0.002971724
0.000404	0.258863	0.002971724
0.000408	0.197639	0.002971724
0.000412	0.127716	0.002971724
0.000416	0.0594034	0.002971724
0.00042	-0.00504222	0.002971724
0.000424	-0.0678767	0.002971724
0.000428	-0.136834	0.002971724
0.000432	-0.195479	0.002971724
0.000436	-0.255413	0.002971724
0.00044	-0.319215	0.002971724
0.000444	-0.376571	0.002971724
0.000448	-0.432317	0.002971724
0.000452	-0.489673	0.002971724
0.000456	-0.54413	0.002971724
0.00046	-0.60052	0.002971724
0.000464	-0.648532	0.002971724
0.000468	-0.699766	0.002971724
0.000472	-0.747456	0.002971724
0.000476	-0.794501	0.002971724
0.00048	-0.838646	0.002971724
0.000484	-0.884403	0.002971724
0.000488	-0.923392	0.002971724
0.000492	-0.965282	0.002971724
0.000496	-1.0033	0.002971724
0.0005	-1.03392	0.002971724
0.000504	-1.07226	0.002971724
0.000508	-1.1003	0.002971724
0.000512	-1.13058	0.002971724
0.000516	-1.15894	0.002971724
0.00052	-1.18182	0.002971724
0.000524	-1.20373	0.002971724
0.000528	-1.22242	0.002971724
0.000532	-1.23821	0.002971724
0.000536	-1.24916	0.002971724
0.00054	-1.26044	0.002971724
0.000544	-1.26399	0.002971724
0.000548	-1.26334	0.002971724
0.000552	-1.25851	0.002971724
0.000556	-1.25303	0.002971724
0.00056	-1.24949	0.002971724
0.000564	-1.24111	0.002971724
0.000568	-1.22339	0.002971724
0.000572	-1.21597	0.002971724
0.000576	-1.196	0.002971724
0.00058	-1.17924	0.002971724
0.000584	-1.15346	0.002971724
0.000588	-1.1206	0.002971724
0.000592	-1.08741	0.002971724
0.000596	-1.06195	0.002971724
0.0006	-1.01942	0.002971724
0.000604	-0.983649	0.002971724
0.000608	-0.935959	0.002971724
0.000612	-0.880536	0.002971724
0.000616	-0.831879	0.002971724
0.00062	-0.786767	0.002971724
0.000624	-0.734244	0.002971724
0.000628	-0.670443	0.002971724
0.000632	-0.620498	0.002971724
0.000636	-0.553474	0.002971724
0.00064	-0.48774	0.002971724
0.000644	-0.427805	0.002971724
0.000648	-0.365615	0.002971724
0.000652	-0.290536	0.002971724
0.000656	-0.22448	0.002971724
0.00066	-0.160678	0.002971724
0.000664	-0.0955883	0.002971724
0.000668	-0.0282427	0.002971724
0.000672	0.0387808	0.002971724
0.000676	0.101615	0.002971724
0.00068	0.169283	0.002971724
0.000684	0.223095	0.002971724
0.000688	0.287219	0.002971724
0.000692	0.348442	0.002971724
0.000696	0.403543	0.002971724
0.0007	0.462833	0.002971724
0.000704	0.513101	0.002971724
0.000708	0.573035	0.002971724
0.000712	0.620081	0.002971724
0.000716	0.673249	0.002971724
0.00072	0.720616	0.002971724
0.000724	0.77185	0.002971724
0.000728	0.813418	0.002971724
0.000732	0.856597	0.002971724
0.000736	0.901709	0.002971724
0.00074	0.941987	0.002971724
0.000744	0.980332	0.002971724
0.000748	1.01481	0.002971724
0.000752	1.05122	0.002971724
0.000756	1.08506	0.002971724
0.00076	1.11406	0.002971724
0.000764	1.14209	0.002971724
0.000768	1.17109	0.002971724
0.000772	1.19333	0.002971724
0.000776	1.21266	0.002971724
0.00078	1.23135	0.002971724
0.000784	1.24198	0.002971724
0.000788	1.25487	0.002971724
0.000792	1.26003	0.002971724
0.000796	1.26196	0.002971724
0.0008	1.2626	0.002971724
0.000804	1.25809	0.002971724
0.000808	1.2568	0.002971724
0.000812	1.24424	0.002971724
0.000816	1.23328	0.002971724
0.00082	1.22007	0.002971724
0.000824	1.20267	0.002971724
0.000828	1.18269	0.002971724
0.000832	1.16368	0.002971724
0.000836	1.13404	0.002971724
0.00084	1.10213	0.002971724
0.000844	1.06959	0.002971724
0.000848	1.0335	0.002971724
0.000852	0.997733	0.002971724
0.000856	0.957776	0.002971724
0.00086	0.908153	0.002971724
0.000864	0.862719	0.002971724
0.000868	0.809229	0.002971724
0.000872	0.751872	0.002971724
0.000876	0.701605	0.002971724
0.00088	0.645859	0.002971724
0.000884	0.584636	0.002971724
0.000888	0.520834	0.002971724
0.000892	0.461544	0.002971724
0.000896	0.393232	0.002971724
0.0009	0.32782	0.002971724
0.000904	0.262729	0.002971724
0.000908	0.194417	0.002971724
0.000912	0.125782	0.002971724
0.000916	0.0600479	0.002971724
0.00092	-0.00665336	0.002971724
0.000924	-0.0707768	0.002971724
0.000928	-0.138122	0.002971724
0.000932	-0.19709	0.002971724
0.000936	-0.257669	0.002971724
0.00094	-0.318248	0.002971724
0.000944	-0.376249	0.002971724
0.000948	-0.43425	0.002971724
0.000952	-0.492251	0.002971724
0.000956	-0.543485	0.002971724
0.00096	-0.595686	0.002971724
0.000964	-0.648209	0.002971724
0.000968	-0.699766	0.002971724
0.000972	-0.744878	0.002971724
0.000976	-0.793856	0.002971724
0.00098	-0.839935	0.002971724
0.000984	-0.881825	0.002971724
0.000988	-0.924681	0.002971724
0.000992	-0.965604	0.002971724
0.000996	-1.00363	0.002971724
0.001	-1.03456	0.002971724
0.001004	-1.07001	0.002971724
0.001008	-1.10223	0.002971724
0.001012	-1.13284	0.002971724
0.001016	-1.15991	0.002971724
0.00102	-1.18311	0.002971724
0.001024	-1.20244	0.002971724
0.001028	-1.22178	0.002971724
0.001032	-1.23853	0.002971724
0.001036	-1.2511	0.002971724
0.00104	-1.25948	0.002971724
0.001044	-1.26238	0.002971724
0.001048	-1.2627	0.002971724
0.001052	-1.26238	0.002971724
0.001056	-1.2569	0.002971724
0.00106	-1.24884	0.002971724
0.001064	-1.23885	0.002971724
0.001068	-1.22629	0.002971724
0.001072	-1.21307	0.002971724
0.001076	-1.19471	0.002971724
0.00108	-1.17666	0.002971724
0.001084	-1.14734	0.002971724
0.001088	-1.12414	0.002971724
0.001092	-1.08612	0.002971724
0.001096	-1.05905	0.002971724
0.0011	-1.01942	0.002971724
0.001104	-0.974626	0.002971724
0.001108	-0.936281	0.002971724
0.001112	-0.887947	0.002971724
0.001116	-0.835424	0.002971724
0.00112	-0.789345	0.002971724
0.001124	-0.732311	0.002971724
0.001128	-0.677532	0.002971724
0.001132	-0.616309	0.002971724
0.001136	-0.554763	0.002971724
0.00114	-0.493218	0.002971724
0.001144	-0.429094	0.002971724
0.001148	-0.359493	0.002971724
0.001152	-0.289892	0.002971724
0.001156	-0.228669	0.002971724
0.00116	-0.159712	0.002971724
0.001164	-0.0942994	0.002971724
0.001168	-0.0263093	0.002971724
0.001172	0.0426476	0.002971724
0.001176	0.108382	0.002971724
0.00118	0.168639	0.002971724
0.001184	0.224384	0.002971724
0.001188	0.291086	0.002971724
0.001192	0.350053	0.002971724
0.001196	0.407088	0.002971724
0.0012	0.460578	0.002971724
0.001204	0.515679	0.002971724
0.001208	0.568202	0.002971724
0.001212	0.623303	0.002971724
0.001216	0.673249	0.002971724
0.00122	0.720938	0.002971724
0.001224	0.768628	0.002971724
0.001228	0.811807	0.002971724
0.001232	0.857563	0.002971724
0.001236	0.900742	0.002971724
0.00124	0.945532	0.002971724
0.001244	0.982266	0.002971724
0.001248	1.01449	0.002971724
0.001252	1.0509	0.002971724
0.001256	1.08345	0.002971724
0.00126	1.11309	0.002971724
0.001264	1.14306	0.002971724
0.001268	1.17174	0.002971724
0.001272	1.19236	0.002971724
0.001276	1.21298	0.002971724
0.00128	1.23038	0.002971724
0.001284	1.24392	0.002971724
0.001288	1.25648	0.002971724
0.001292	1.26228	0.002971724
0.001296	1.26389	0.002971724
0.0013	1.26583	0.002971724
0.001304	1.25874	0.002971724
0.001308	1.25455	0.002971724
0.001312	1.24424	0.002971724
0.001316	1.2336	0.002971724
0.00132	1.21717	0.002971724
0.001324	1.20621	0.002971724
0.001328	1.18591	0.002971724
0.001332	1.15788	0.002971724
0.001336	1.13371	0.002971724
0.00134	1.10536	0.002971724
0.001344	1.07217	0.002971724
0.001348	1.03801	0.002971724
0.001352	1.00321	0.002971724
0.001356	0.952943	0.002971724
0.00136	0.90912	0.002971724
0.001364	0.860463	0.002971724
0.001368	0.810518	0.002971724
0.001372	0.759284	0.002971724
0.001376	0.699027	0.002971724
0.00138	0.645215	0.002971724
0.001384	0.587858	0.002971724
0.001388	0.529857	0.002971724
0.001392	0.457033	0.002971724
0.001396	0.394199	0.002971724
0.0014	0.323631	0.002971724
0.001404	0.258863	0.002971724
0.001408	0.194739	0.002971724
0.001412	0.13416	0.002971724
0.001416	0.0635924	0.002971724
0.00142	-0.00439777	0.002971724
0.001424	-0.0678767	0.002971724
0.001428	-0.137156	0.002971724
0.001432	-0.19419	0.002971724
0.001436	-0.254447	0.002971724
0.00144	-0.31857	0.002971724
0.001444	-0.378182	0.002971724
0.001448	-0.432639	0.002971724
0.001452	-0.488384	0.002971724
0.001456	-0.542196	0.002971724
0.00146	-0.596009	0.002971724
0.001464	-0.650143	0.002971724
0.001468	-0.697188	0.002971724
0.001472	-0.7481	0.002971724
0.001476	-0.793212	0.002971724
0.00148	-0.839291	0.002971724
0.001484	-0.882147	0.002971724
0.001488	-0.922748	0.002971724
0.001492	-0.964315	0.002971724
0.001496	-1.00073	0.002971724
0.0015	-1.03424	0.002971724
0.001504	-1.07001	0.002971724
0.001508	-1.10384	0.002971724
0.001512	-1.13155	0.002971724
0.001516	-1.15894	0.002971724
0.00152	-1.18279	0.002971724
0.001524	-1.2018	0.002971724
0.001528	-1.22435	0.002971724
0.001532	-1.23692	0.002971724
0.001536	-1.25078	0.002971724
0.00154	-1.25754	0.002971724
0.001544	-1.26141	0.002971724
0.001548	-1.26173	0.002971724
0.001552	-1.26076	0.002971724
0.001556	-1.25722	0.002971724
0.00156	-1.25206	0.002971724
0.001564	-1.2424	0.002971724
0.001568	-1.22532	0.002971724
0.001572	-1.21436	0.002971724
0.001576	-1.19471	0.002971724
0.00158	-1.17827	0.002971724
0.001584	-1.14927	0.002971724
0.001588	-1.12736	0.002971724
0.001592	-1.09256	0.002971724
0.001596	-1.06324	0.002971724
0.0016	-1.01394	0.002971724
0.001604	-0.977526	0.002971724
0.001608	-0.935315	0.002971724
0.001612	-0.888269	0.002971724
0.001616	-0.834779	0.002971724
0.00162	-0.785156	0.002971724
0.001624	-0.738111	0.002971724
0.001628	-0.673665	0.002971724
0.001632	-0.615664	0.002971724
0.001636	-0.551219	0.002971724
0.00164	-0.49064	0.002971724
0.001644	-0.427483	0.002971724
0.001648	-0.358204	0.002971724
0.001652	-0.298914	0.002971724
0.001656	-0.225124	0.002971724
0.00166	-0.159712	0.002971724
0.001664	-0.089466	0.002971724
0.001668	-0.023087	0.002971724
0.001672	0.0423253	0.002971724
0.001676	0.103871	0.002971724
0.00168	0.164772	0.002971724
0.001684	0.226318	0.002971724
0.001688	0.290441	0.002971724
0.001692	0.346831	0.002971724
0.001696	0.405477	0.002971724
0.0017	0.457678	0.002971724
0.001704	0.516968	0.002971724
0.001708	0.569169	0.002971724
0.001712	0.622981	0.002971724
0.001716	0.672926	0.002971724
0.00172	0.718683	0.002971724
0.001724	0.768306	0.002971724
0.001728	0.812129	0.002971724
0.001732	0.860141	0.002971724
0.001736	0.901386	0.002971724
0.00174	0.944243	0.002971724
0.001744	0.98291	0.002971724
0.001748	1.01384	0.002971724
0.001752	1.0509	0.002971724
0.001756	1.08345	0.002971724
0.00176	1.1147	0.002971724
0.001764	1.14145	0.002971724
0.001768	1.16916	0.002971724
0.001772	1.19139	0.002971724
0.001776	1.2133	0.002971724
0.00178	1.22909	0.002971724
0.001784	1.24392	0.002971724
0.001788	1.25487	0.002971724
0.001792	1.26228	0.002971724
0.001796	1.26873	0.002971724
0.0018	1.26389	0.002971724
0.001804	1.25906	0.002971724
0.001808	1.2539	0.002971724
0.001812	1.24327	0.002971724
0.001816	1.2307	0.002971724
0.00182	1.22297	0.002971724
0.001824	1.20557	0.002971724
0.001828	1.18205	0.002971724
0.001832	1.1582	0.002971724
0.001836	1.135	0.002971724
0.00184	1.10407	0.002971724
0.001844	1.06959	0.002971724
0.001848	1.03737	0.002971724
0.001852	1.00224	0.002971724
0.001856	0.952621	0.002971724
0.00186	0.91782	0.002971724
0.001864	0.863686	0.002971724
0.001868	0.809873	0.002971724
0.001872	0.75735	0.002971724
0.001876	0.694838	0.002971724
0.00188	0.639415	0.002971724
0.001884	0.583669	0.002971724
0.001888	0.517934	0.002971724
0.001892	0.456066	0.002971724
0.001896	0.394843	0.002971724
0.0019	0.328142	0.002971724
0.001904	0.262407	0.002971724
0.001908	0.200217	0.002971724
0.001912	0.129327	0.002971724
0.001916	0.0610146	0.002971724
0.00192	-0.0024644	0.002971724
0.001924	-0.0678767	0.002971724
0.001928	-0.132645	0.002971724
0.001932	-0.194512	0.002971724
0.001936	-0.257025	0.002971724
0.00194	-0.315348	0.002971724
0.001944	-0.377538	0.002971724
0.001948	-0.431028	0.002971724
0.001952	-0.489029	0.002971724
0.001956	-0.540585	0.002971724
0.00196	-0.594397	0.002971724
0.001964	-0.648854	0.002971724
0.001968	-0.698799	0.002971724
0.001972	-0.744556	0.002971724
0.001976	-0.79289	0.002971724
0.00198	-0.836068	0.002971724
0	0.916853	0.002971724
4.00E-06	0.830174	0.002971724
8.00E-06	0.743494	0.002971724
1.20E-05	0.653915	0.002971724
1.60E-05	0.564657	0.002971724
2.00E-05	0.471856	0.002971724
2.40E-05	0.379698	0.002971724
2.80E-05	0.286252	0.002971724
3.20E-05	0.192484	0.002971724
3.60E-05	0.0971041	0.002971724
4.00E-05	0.00172457	0.002971724
4.40E-05	-0.0949439	0.002971724
4.80E-05	-0.190968	0.002971724
5.20E-05	-0.28667	0.002971724
5.60E-05	-0.380438	0.002971724
6.00E-05	-0.473562	0.002971724
6.40E-05	-0.565075	0.002971724
6.80E-05	-0.655298	0.002971724
7.20E-05	-0.741656	0.002971724
7.60E-05	-0.828335	0.002971724
8.00E-05	-0.91147	0.002971724
8.40E-05	-0.994927	0.002971724
8.80E-05	-1.07355	0.002971724
9.20E-05	-1.15185	0.002971724
9.60E-05	-1.22596	0.002971724
1.00E-04	-1.29879	0.002971724
0.000104	-1.36871	0.002971724
0.000108	-1.43638	0.002971724
0.000112	-1.49954	0.002971724
0.000116	-1.56011	0.002971724
0.00012	-1.61618	0.002971724
0.000124	-1.67064	0.002971724
0.000128	-1.71962	0.002971724
0.000132	-1.7657	0.002971724
0.000136	-1.80694	0.002971724
0.00014	-1.84529	0.002971724
0.000144	-1.87622	0.002971724
0.000148	-1.90522	0.002971724
0.000152	-1.9281	0.002971724
0.000156	-1.94775	0.002971724
0.00016	-1.95839	0.002971724
0.000164	-1.96709	0.002971724
0.000168	-1.96967	0.002971724
0.000172	-1.96612	0.002971724
0.000176	-1.95678	0.002971724
0.00018	-1.94228	0.002971724
0.000184	-1.92198	0.002971724
0.000188	-1.89523	0.002971724
0.000192	-1.8614	0.002971724
0.000196	-1.82563	0.002971724
0.0002	-1.78148	0.002971724
0.000204	-1.73573	0.002971724
0.000208	-1.68321	0.002971724
0.000212	-1.62746	0.002971724
0.000216	-1.56753	0.002971724
0.00022	-1.50437	0.002971724
0.000224	-1.43638	0.002971724
0.000228	-1.36646	0.002971724
0.000232	-1.29331	0.002971724
0.000236	-1.21759	0.002971724
0.00024	-1.138	0.002971724
0.000244	-1.05647	0.002971724
0.000248	-0.973337	0.002971724
0.000252	-0.888591	0.002971724
0.000256	-0.800945	0.002971724
0.00026	-0.713622	0.002971724
0.000264	-0.622431	0.002971724
0.000268	-0.531885	0.002971724
0.000272	-0.439406	0.002971724
0.000276	-0.346926	0.002971724
0.00028	-0.251547	0.002971724
0.000284	-0.157456	0.002971724
0.000288	-0.0623988	0.002971724
0.000292	0.0333029	0.002971724
0.000296	0.130294	0.002971724
0.0003	0.226318	0.002971724
0.000304	0.321697	0.002971724
0.000308	0.414821	0.002971724
0.000312	0.507623	0.002971724
0.000316	0.598491	0.002971724
0.00032	0.687427	0.002971724
0.000324	0.773139	0.002971724
0.000328	0.859174	0.002971724
0.000332	0.941987	0.002971724
0.000336	1.02287	0.002971724
0.00034	1.10149	0.002971724
0.000344	1.17786	0.002971724
0.000348	1.25133	0.002971724
0.000352	1.32222	0.002971724
0.000356	1.39053	0.002971724
0.00036	1.45562	0.002971724
0.000364	1.51749	0.002971724
0.000368	1.57646	0.002971724
0.000372	1.63091	0.002971724
0.000376	1.68344	0.002971724
0.00038	1.73048	0.002971724
0.000384	1.77334	0.002971724
0.000388	1.81426	0.002971724
0.000392	1.84906	0.002971724
0.000396	1.87774	0.002971724
0.0004	1.90513	0.002971724
0.000404	1.92511	0.002971724
0.000408	1.94122	0.002971724
0.000412	1.95089	0.002971724
0.000416	1.95669	0.002971724
0.00042	1.95604	0.002971724
0.000424	1.95056	0.002971724
0.000428	1.93832	0.002971724
0.000432	1.92027	0.002971724
0.000436	1.89611	0.002971724
0.00044	1.86743	0.002971724
0.000444	1.83263	0.002971724
0.000448	1.79299	0.002971724
0.000452	1.7482	0.002971724
0.000456	1.69858	0.002971724
0.00046	1.64477	0.002971724
0.000464	1.58741	0.002971724
0.000468	1.52554	0.002971724
0.000472	1.46045	0.002971724
0.000476	1.39085	0.002971724
0.00048	1.32028	0.002971724
0.000484	1.24456	0.002971724
0.000488	1.16723	0.002971724
0.000492	1.08667	0.002971724
0.000496	1.0045	0.002971724
0.0005	0.919753	0.002971724
0.000504	0.834041	0.002971724
0.000508	0.747039	0.002971724
0.000512	0.656815	0.002971724
0.000516	0.566591	0.002971724
0.00052	0.4754	0.002971724
0.000524	0.381954	0.002971724
0.000528	0.288508	0.002971724
0.000532	0.193773	0.002971724
0.000536	0.0990375	0.002971724
0.00054	0.00269125	0.002971724
0.000544	-0.093655	0.002971724
0.000548	-0.190323	0.002971724
0.000552	-0.284736	0.002971724
0.000556	-0.38076	0.002971724
0.00056	-0.472917	0.002971724
0.000564	-0.565397	0.002971724
0.000568	-0.65401	0.002971724
0.000572	-0.741656	0.002971724
0.000576	-0.827046	0.002971724
0.00058	-0.911147	0.002971724
0.000584	-0.992993	0.002971724
0.000588	-1.07387	0.002971724
0.000592	-1.15153	0.002971724
0.000596	-1.22661	0.002971724
0.0006	-1.29847	0.002971724
0.000604	-1.36936	0.002971724
0.000608	-1.43445	0.002971724
0.000612	-1.49986	0.002971724
0.000616	-1.55947	0.002971724
0.00062	-1.61683	0.002971724
0.000624	-1.67032	0.002971724
0.000628	-1.72123	0.002971724
0.000632	-1.76602	0.002971724
0.000636	-1.80726	0.002971724
0.00064	-1.844	0.002971724
0.000644	-1.87686	0.002971724
0.000648	-1.9049	0.002971724
0.000652	-1.92842	0.002971724
0.000656	-1.9455	0.002971724
0.00066	-1.95968	0.002971724
0.000664	-1.96644	0.002971724
0.000668	-1.96967	0.002971724
0.000672	-1.9658	0.002971724
0.000676	-1.9571	0.002971724
0.00068	-1.9426	0.002971724
0.000684	-1.92133	0.002971724
0.000688	-1.89426	0.002971724
0.000692	-1.86172	0.002971724
0.000696	-1.82466	0.002971724
0.0007	-1.78245	0.002971724
0.000704	-1.73508	0.002971724
0.000708	-1.68385	0.002971724
0.000712	-1.6281	0.002971724
0.000716	-1.5672	0.002971724
0.00072	-1.50405	0.002971724
0.000724	-1.43735	0.002971724
0.000728	-1.36646	0.002971724
0.000732	-1.29395	0.002971724
0.000736	-1.21726	0.002971724
0.00074	-1.13896	0.002971724
0.000744	-1.05647	0.002971724
0.000748	-0.974304	0.002971724
0.000752	-0.888269	0.002971724
0.000756	-0.801912	0.002971724
0.00076	-0.712333	0.002971724
0.000764	-0.624042	0.002971724
0.000768	-0.531563	0.002971724
0.000772	-0.439728	0.002971724
0.000776	-0.34596	0.002971724
0.00078	-0.252836	0.002971724
0.000784	-0.157778	0.002971724
0.000788	-0.0630433	0.002971724
0.000792	0.0339474	0.002971724
0.000796	0.129327	0.002971724
0.0008	0.226962	0.002971724
0.000804	0.320731	0.002971724
0.000808	0.415466	0.002971724
0.000812	0.506656	0.002971724
0.000816	0.598491	0.002971724
0.00082	0.685815	0.002971724
0.000824	0.773139	0.002971724
0.000828	0.858208	0.002971724
0.000832	0.942632	0.002971724
0.000836	1.02222	0.002971724
0.00084	1.10149	0.002971724
0.000844	1.17721	0.002971724
0.000848	1.25004	0.002971724
0.000852	1.32222	0.002971724
0.000856	1.38989	0.002971724
0.00086	1.45498	0.002971724
0.000864	1.51813	0.002971724
0.000868	1.57613	0.002971724
0.000872	1.63252	0.002971724
0.000876	1.68247	0.002971724
0.00088	1.73016	0.002971724
0.000884	1.77398	0.002971724
0.000888	1.81394	0.002971724
0.000892	1.84874	0.002971724
0.000896	1.87967	0.002971724
0.0009	1.90352	0.002971724
0.000904	1.92511	0.002971724
0.000908	1.9409	0.002971724
0.000912	1.95185	0.002971724
0.000916	1.95669	0.002971724
0.00092	1.95636	0.002971724
0.000924	1.95056	0.002971724
0.000928	1.93864	0.002971724
0.000932	1.92092	0.002971724
0.000936	1.8974	0.002971724
0.00094	1.86775	0.002971724
0.000944	1.8336	0.002971724
0.000948	1.79267	0.002971724
0.000952	1.74788	0.002971724
0.000956	1.69858	0.002971724
0.00096	1.64574	0.002971724
0.000964	1.58741	0.002971724
0.000968	1.52587	0.002971724
0.000972	1.45981	0.002971724
0.000976	1.39182	0.002971724
0.00098	1.31996	0.002971724
0.000984	1.24553	0.002971724
0.000988	1.1669	0.002971724
0.000992	1.08763	0.002971724
0.000996	1.00386	0.002971724
0.001	0.920398	0.002971724
0.001004	0.834685	0.002971724
0.001008	0.747039	0.002971724
0.001012	0.657459	0.002971724
0.001016	0.566913	0.002971724
0.00102	0.474434	0.002971724
0.001024	0.382276	0.002971724
0.001028	0.28883	0.002971724
0.001032	0.195062	0.002971724
0.001036	0.0996819	0.002971724
0.00104	0.00365794	0.002971724
0.001044	-0.0930105	0.002971724
0.001048	-0.189034	0.002971724
0.001052	-0.285058	0.002971724
0.001056	-0.379794	0.002971724
0.00106	-0.472917	0.002971724
0.001064	-0.563141	0.002971724
0.001068	-0.653365	0.002971724
0.001072	-0.741333	0.002971724
0.001076	-0.82769	0.002971724
0.00108	-0.910825	0.002971724
0.001084	-0.993638	0.002971724
0.001088	-1.07258	0.002971724
0.001092	-1.15088	0.002971724
0.001096	-1.22596	0.002971724
0.0011	-1.29847	0.002971724
0.001104	-1.36774	0.002971724
0.001108	-1.43573	0.002971724
0.001112	-1.4976	0.002971724
0.001116	-1.55915	0.002971724
0.00112	-1.61715	0.002971724
0.001124	-1.66967	0.002971724
0.001128	-1.71897	0.002971724
0.001132	-1.76537	0.002971724
0.001136	-1.80662	0.002971724
0.00114	-1.84529	0.002971724
0.001144	-1.87558	0.002971724
0.001148	-1.90522	0.002971724
0.001152	-1.92649	0.002971724
0.001156	-1.94614	0.002971724
0.00116	-1.95935	0.002971724
0.001164	-1.96677	0.002971724
0.001168	-1.96934	0.002971724
0.001172	-1.96677	0.002971724
0.001176	-1.95678	0.002971724
0.00118	-1.94228	0.002971724
0.001184	-1.92101	0.002971724
0.001188	-1.89491	0.002971724
0.001192	-1.86108	0.002971724
0.001196	-1.82499	0.002971724
0.0012	-1.78277	0.002971724
0.001204	-1.73541	0.002971724
0.001208	-1.68353	0.002971724
0.001212	-1.6281	0.002971724
0.001216	-1.56785	0.002971724
0.00122	-1.50501	0.002971724
0.001224	-1.4367	0.002971724
0.001228	-1.36774	0.002971724
0.001232	-1.29331	0.002971724
0.001236	-1.21759	0.002971724
0.00124	-1.13832	0.002971724
0.001244	-1.05744	0.002971724
0.001248	-0.973982	0.002971724
0.001252	-0.888591	0.002971724
0.001256	-0.801912	0.002971724
0.00126	-0.713622	0.002971724
0.001264	-0.623398	0.002971724
0.001268	-0.533174	0.002971724
0.001272	-0.439728	0.002971724
0.001276	-0.347248	0.002971724
0.00128	-0.252836	0.002971724
0.001284	-0.15939	0.002971724
0.001288	-0.0633655	0.002971724
0.001292	0.032014	0.002971724
0.001296	0.129971	0.002971724
0.0013	0.225673	0.002971724
0.001304	0.321697	0.002971724
0.001308	0.414177	0.002971724
0.001312	0.506656	0.002971724
0.001316	0.597525	0.002971724
0.00132	0.686138	0.002971724
0.001324	0.772817	0.002971724
0.001328	0.858852	0.002971724
0.001332	0.941343	0.002971724
0.001336	1.02222	0.002971724
0.00134	1.10085	0.002971724
0.001344	1.17754	0.002971724
0.001348	1.25004	0.002971724
0.001352	1.32222	0.002971724
0.001356	1.38956	0.002971724
0.00136	1.45465	0.002971724
0.001364	1.51717	0.002971724
0.001368	1.57678	0.002971724
0.001372	1.63027	0.002971724
0.001376	1.68376	0.002971724
0.00138	1.73016	0.002971724
0.001384	1.7743	0.002971724
0.001388	1.81362	0.002971724
0.001392	1.8481	0.002971724
0.001396	1.87806	0.002971724
0.0014	1.90513	0.002971724
0.001404	1.92479	0.002971724
0.001408	1.94122	0.002971724
0.001412	1.95089	0.002971724
0.001416	1.95669	0.002971724
0.00142	1.95636	0.002971724
0.001424	1.95121	0.002971724
0.001428	1.93832	0.002971724
0.001432	1.92092	0.002971724
0.001436	1.89643	0.002971724
0.00144	1.86775	0.002971724
0.001444	1.83327	0.002971724
0.001448	1.79364	0.002971724
0.001452	1.7482	0.002971724
0.001456	1.6989	0.002971724
0.00146	1.64509	0.002971724
0.001464	1.58773	0.002971724
0.001468	1.52587	0.002971724
0.001472	1.46045	0.002971724
0.001476	1.3915	0.002971724
0.00148	1.31996	0.002971724
0.001484	1.24488	0.002971724
0.001488	1.16755	0.002971724
0.001492	1.08699	0.002971724
0.001496	1.00514	0.002971724
0.0015	0.920398	0.002971724
0.001504	0.835007	0.002971724
0.001508	0.747039	0.002971724
0.001512	0.657459	0.002971724
0.001516	0.566913	0.002971724
0.00152	0.4754	0.002971724
0.001524	0.382276	0.002971724
0.001528	0.289474	0.002971724
0.001532	0.194417	0.002971724
0.001536	0.0996819	0.002971724
0.00154	0.0043024	0.002971724
0.001544	-0.0920438	0.002971724
0.001548	-0.189034	0.002971724
0.001552	-0.284092	0.002971724
0.001556	-0.379149	0.002971724
0.00156	-0.472917	0.002971724
0.001564	-0.563786	0.002971724
0.001568	-0.652398	0.002971724
0.001572	-0.741333	0.002971724
0.001576	-0.825757	0.002971724
0.00158	-0.910825	0.002971724
0.001584	-0.992993	0.002971724
0.001588	-1.07291	0.002971724
0.001592	-1.15088	0.002971724
0.001596	-1.22564	0.002971724
0.0016	-1.29879	0.002971724
0.001604	-1.36807	0.002971724
0.001608	-1.43477	0.002971724
0.001612	-1.49825	0.002971724
0.001616	-1.55883	0.002971724
0.00162	-1.6165	0.002971724
0.001624	-1.66935	0.002971724
0.001628	-1.71962	0.002971724
0.001632	-1.76441	0.002971724
0.001636	-1.80694	0.002971724
0.00164	-1.84432	0.002971724
0.001644	-1.87783	0.002971724
0.001648	-1.90458	0.002971724
0.001652	-1.92874	0.002971724
0.001656	-1.94614	0.002971724
0.00166	-1.95871	0.002971724
0.001664	-1.96644	0.002971724
0.001668	-1.96967	0.002971724
0.001672	-1.96548	0.002971724
0.001676	-1.95774	0.002971724
0.00168	-1.94228	0.002971724
0.001684	-1.92198	0.002971724
0.001688	-1.89523	0.002971724
0.001692	-1.86301	0.002971724
0.001696	-1.82531	0.002971724
0.0017	-1.78342	0.002971724
0.001704	-1.73573	0.002971724
0.001708	-1.68449	0.002971724
0.001712	-1.6281	0.002971724
0.001716	-1.56849	0.002971724
0.00172	-1.50501	0.002971724
0.001724	-1.43831	0.002971724
0.001728	-1.3671	0.002971724
0.001732	-1.2946	0.002971724
0.001736	-1.21791	0.002971724
0.00174	-1.13993	0.002971724
0.001744	-1.05712	0.002971724
0.001748	-0.974949	0.002971724
0.001752	-0.888914	0.002971724
0.001756	-0.802879	0.002971724
0.00176	-0.713299	0.002971724
0.001764	-0.624042	0.002971724
0.001768	-0.532852	0.002971724
0.001772	-0.441017	0.002971724
0.001776	-0.347571	0.002971724
0.00178	-0.253158	0.002971724
0.001784	-0.158423	0.002971724
0.001788	-0.0636878	0.002971724
0.001792	0.0326585	0.002971724
0.001796	0.128682	0.002971724
0.0018	0.225351	0.002971724
0.001804	0.320408	0.002971724
0.001808	0.413855	0.002971724
0.001812	0.506012	0.002971724
0.001816	0.597203	0.002971724
0.00182	0.685493	0.002971724
0.001824	0.772817	0.002971724
0.001828	0.857563	0.002971724
0.001832	0.940698	0.002971724
0.001836	1.02126	0.002971724
0.00184	1.10117	0.002971724
0.001844	1.17657	0.002971724
0.001848	1.251	0.002971724
0.001852	1.32157	0.002971724
0.001856	1.38924	0.002971724
0.00186	1.45401	0.002971724
0.001864	1.51781	0.002971724
0.001868	1.57549	0.002971724
0.001872	1.63091	0.002971724
0.001876	1.68183	0.002971724
0.00188	1.73016	0.002971724
0.001884	1.77398	0.002971724
0.001888	1.81394	0.002971724
0.001892	1.84842	0.002971724
0.001896	1.87871	0.002971724
0.0019	1.90416	0.002971724
0.001904	1.92511	0.002971724
0.001908	1.94025	0.002971724
0.001912	1.95185	0.002971724
0.001916	1.95669	0.002971724
0.00192	1.95636	0.002971724
0.001924	1.94992	0.002971724
0.001928	1.93929	0.002971724
0.001932	1.9206	0.002971724
0.001936	1.89804	0.002971724
0.00194	1.8684	0.002971724
0.001944	1.83327	0.002971724
0.001948	1.79332	0.002971724
0.001952	1.74949	0.002971724
0.001956	1.69923	0.002971724
0.00196	1.64574	0.002971724
0.001964	1.58773	0.002971724
0.001968	1.52651	0.002971724
0.001972	1.46045	0.002971724
0.001976	1.39182	0.002971724
0.00198	1.31996	0.002971724
0.001984	1.24585	0.002971724
0.001988	1.16755	0.002971724
0.001992	1.08763	0.002971724
0.001996	1.00514	0.002971724
0.001984	-0.883758	0.002971724
0.001988	-0.92307	0.002971724
0.001992	-0.962382	0.002971724
0.001996	-1.00427	0.002971724