0	0.511812	0.002971724
4.00E-06	0.232762	0.002971724
8.00E-06	-0.0978439	0.002971724
1.20E-05	-0.40815	0.002971724
1.60E-05	-0.625009	0.002971724
2.00E-05	-0.705244	0.002971724
2.40E-05	-0.627265	0.002971724
2.80E-05	-0.410405	0.002971724
3.20E-05	-0.101388	0.002971724
3.60E-05	0.228895	0.002971724
4.00E-05	0.506979	0.002971724
4.40E-05	0.672604	0.002971724
4.80E-05	0.684849	0.002971724
5.20E-05	0.544035	0.002971724
5.60E-05	0.279808	0.002971724
6.00E-05	-0.045643	0.002971724
6.40E-05	-0.362071	0.002971724
6.80E-05	-0.598264	0.002971724
7.20E-05	-0.701377	0.002971724
7.60E-05	-0.646921	0.002971724
8.00E-05	-0.449395	0.002971724
8.40E-05	-0.150045	0.002971724
8.80E-05	0.182495	0.002971724
9.20E-05	0.473145	0.002971724
9.60E-05	0.658426	0.002971724
1.00E-04	0.696449	0.002971724
0.000104	0.578513	0.002971724
0.000108	0.330397	0.002971724
0.000112	0.00849136	0.002971724
0.000116	-0.315348	0.002971724
0.00012	-0.567008	0.002971724
0.000124	-0.694932	0.002971724
0.000128	-0.66561	0.002971724
0.000132	-0.488707	0.002971724
0.000136	-0.202246	0.002971724
0.00014	0.129971	0.002971724
0.000144	0.432222	0.002971724
0.000148	0.636837	0.002971724
0.000152	0.699671	0.002971724
0.000156	0.606225	0.002971724
0.00016	0.375509	0.002971724
0.000164	0.061659	0.002971724
0.000168	-0.267336	0.002971724
0.000172	-0.536396	0.002971724
0.000176	-0.685266	0.002971724
0.00018	-0.681077	0.002971724
0.000184	-0.525441	0.002971724
0.000188	-0.251869	0.002971724
0.000192	0.0777704	0.002971724
0.000196	0.388721	0.002971724
0.0002	0.613636	0.002971724
0.000204	0.700316	0.002971724
0.000208	0.630714	0.002971724
0.000212	0.418688	0.002971724
0.000216	0.113538	0.002971724
0.00022	-0.216424	0.002971724
0.000224	-0.499985	0.002971724
0.000228	-0.67141	0.002971724
0.000232	-0.692032	0.002971724
0.000236	-0.558952	0.002971724
0.00024	-0.300848	0.002971724
0.000244	0.024925	0.002971724
0.000248	0.343931	0.002971724
0.000252	0.586569	0.002971724
0.000256	0.696771	0.002971724
0.00026	0.652304	0.002971724
0.000264	0.460578	0.002971724
0.000268	0.165739	0.002971724
0.000272	-0.165512	0.002971724
0.000276	-0.460673	0.002971724
0.00028	-0.652721	0.002971724
0.000284	-0.698477	0.002971724
0.000288	-0.589242	0.002971724
0.000292	-0.346604	0.002971724
0.000296	-0.0282427	0.002971724
0.0003	0.29753	0.002971724
0.000304	0.555313	0.002971724
0.000308	0.690649	0.002971724
0.000312	0.66906	0.002971724
0.000316	0.498923	0.002971724
0.00032	0.216651	0.002971724
0.000324	-0.115244	0.002971724
0.000328	-0.420394	0.002971724
0.000332	-0.632098	0.002971724
0.000336	-0.702022	0.002971724
0.00034	-0.616631	0.002971724
0.000344	-0.39236	0.002971724
0.000348	-0.0804436	0.002971724
0.000352	0.248229	0.002971724
0.000356	0.522768	0.002971724
0.00036	0.678726	0.002971724
0.000364	0.682593	0.002971724
0.000368	0.533724	0.002971724
0.000372	0.265952	0.002971724
0.000376	-0.0611099	0.002971724
0.00038	-0.376571	0.002971724
0.000384	-0.606642	0.002971724
0.000388	-0.702344	0.002971724
0.000392	-0.640154	0.002971724
0.000396	-0.435539	0.002971724
		
		
		
		
		
		
		
		
		
		
		
		
		
		
		
		
		
		
		
		
		
		
		
		
		
		
		
		
		
		
		
		
		
		
		
		
		
		
		
		
		
		
		
		
		
		
		
		
		
		
		
		
		
		
		
		
		
		
		
		
		
		
		
		
		
		
		
		
		
		
		
		
		
		
		
		
		
		
		
		
		
		
		
		
		
		
		
		
		
		
		
		
		
		
		
		
		
		
		
		
		
		
		
		
		
		
		
		
		
		
		
		
		
		
		
		
		
		
		
		
		
		
		
		
		
		
		
		
		
		
		
		
		
		
		
		
		
		
		
		
		
		
		
		
		
		
		
		
		
		
		
		
		
		
		
		
		
		
		
		
		
		
		
		
		
		
		
		
		
		
		
		
		
		
		
		
		
		
		
		
		
		
		
		
		
		
		
		
		
		
		
		
		
		
		
		
		
		
		
		
		
		
		
		
		
		
		
		
		
		
		
		
		
		
		
		
		
		
		
		
		
		
		
		
		
		
		
		
		
		
		
		
		
		
		
		
		
		
		
		
		
		
		
		
		
		
		
		
		
		
		
		
		
		
		
		
		
		
		
		
		
		
		
		
		
		
		
		
		
		
		
		
		
		
		
		
		
		
		
		
		
		
		
		
		
		
		
		
		
		
		
		
		
		
		
		
		
		
		
		
		
		
		
		
		
		
		
		
		
		
		
		
		
		
		
		
		
		
		
		
		
		
		
		
		
		
		
		
		
		
		
		
		
		
		
		
		
		
		
		
		
		
		
		
		
		
		
		
		
		
		
		
		
		
		
		
		
		
		
		
		
		
		
		
		
		
		
		
		
		
		
		
		
		
		
		
		
		
		
		
		
		
		
		
		
		
		
		
		
		
		
		
		
		
		
		
		
		
		
		
		
		
		
		