0	0.806651	0.002971724
4.00E-06	0.697093	0.002971724
8.00E-06	0.562724	0.002971724
1.20E-05	0.410632	0.002971724
1.60E-05	0.24404	0.002971724
2.00E-05	0.0697147	0.002971724
2.40E-05	-0.107511	0.002971724
2.80E-05	-0.279903	0.002971724
3.20E-05	-0.442306	0.002971724
3.60E-05	-0.587308	0.002971724
4.00E-05	-0.712655	0.002971724
4.40E-05	-0.81319	0.002971724
4.80E-05	-0.88698	0.002971724
5.20E-05	-0.931126	0.002971724
5.60E-05	-0.944337	0.002971724
6.00E-05	-0.922748	0.002971724
6.40E-05	-0.86668	0.002971724
6.80E-05	-0.776778	0.002971724
7.20E-05	-0.658843	0.002971724
7.60E-05	-0.517707	0.002971724
8.00E-05	-0.361749	0.002971724
8.40E-05	-0.192579	0.002971724
8.80E-05	-0.0179314	0.002971724
9.20E-05	0.158327	0.002971724
9.60E-05	0.328142	0.002971724
1.00E-04	0.483778	0.002971724
0.000104	0.621692	0.002971724
0.000108	0.738661	0.002971724
0.000112	0.830818	0.002971724
0.000116	0.896553	0.002971724
0.00012	0.930387	0.002971724
0.000124	0.931998	0.002971724
0.000128	0.898486	0.002971724
0.000132	0.830496	0.002971724
0.000136	0.730283	0.002971724
0.00014	0.604614	0.002971724
0.000144	0.457678	0.002971724
0.000148	0.297208	0.002971724
0.000152	0.124171	0.002971724
0.000156	-0.0520875	0.002971724
0.00016	-0.22738	0.002971724
0.000164	-0.393649	0.002971724
0.000168	-0.543485	0.002971724
0.000172	-0.674954	0.002971724
0.000176	-0.78419	0.002971724
0.00018	-0.867324	0.002971724
0.000184	-0.921459	0.002971724
0.000188	-0.945948	0.002971724
0.000192	-0.935637	0.002971724
0.000196	-0.890525	0.002971724
0.0002	-0.810935	0.002971724
0.000204	-0.701699	0.002971724
0.000208	-0.568619	0.002971724
0.000212	-0.416205	0.002971724
0.000216	-0.251547	0.002971724
0.00022	-0.0768991	0.002971724
0.000224	0.0987153	0.002971724
0.000228	0.271752	0.002971724
0.000232	0.432544	0.002971724
0.000236	0.577547	0.002971724
0.00024	0.701282	0.002971724
0.000244	0.803107	0.002971724
0.000248	0.877219	0.002971724
0.000252	0.922653	0.002971724
0.000256	0.934254	0.002971724
0.00026	0.913631	0.002971724
0.000264	0.856597	0.002971724
0.000268	0.767017	0.002971724
0.000272	0.648759	0.002971724
0.000276	0.509234	0.002971724
0.00028	0.351342	0.002971724
0.000284	0.182172	0.002971724
0.000288	0.00623576	0.002971724
0.000292	-0.170345	0.002971724
0.000296	-0.339837	0.002971724
0.0003	-0.495796	0.002971724
0.000304	-0.633709	0.002971724
0.000308	-0.750356	0.002971724
0.000312	-0.842835	0.002971724
0.000316	-0.906958	0.002971724
0.00032	-0.941759	0.002971724
0.000324	-0.942404	0.002971724
0.000328	-0.909859	0.002971724
0.000332	-0.841546	0.002971724
0.000336	-0.741656	0.002971724
0.00034	-0.615342	0.002971724
0.000344	-0.468406	0.002971724
0.000348	-0.308259	0.002971724
0.000352	-0.135867	0.002971724
0.000356	0.0416809	0.002971724
0.00036	0.214395	0.002971724
0.000364	0.380987	0.002971724
0.000368	0.530501	0.002971724
0.000372	0.663582	0.002971724
0.000376	0.772817	0.002971724
0.00038	0.856597	0.002971724
0.000384	0.911053	0.002971724
0.000388	0.934254	0.002971724
0.000392	0.923942	0.002971724
0.000396	0.879475	0.002971724
0.0004	0.799562	0.002971724
0.000404	0.690971	0.002971724
0.000408	0.557568	0.002971724
0.000412	0.405154	0.002971724
0.000416	0.239207	0.002971724
0.00042	0.0655258	0.002971724
0.000424	-0.111055	0.002971724
0.000428	-0.284414	0.002971724
0.000432	-0.445528	0.002971724
0.000436	-0.589886	0.002971724
0.00044	-0.715233	0.002971724
0.000444	-0.815124	0.002971724
0.000448	-0.88988	0.002971724
0.000452	-0.932737	0.002971724
0.000456	-0.94627	0.002971724
0.00046	-0.924359	0.002971724
0.000464	-0.868613	0.002971724
0.000468	-0.777423	0.002971724
0.000472	-0.660132	0.002971724
0.000476	-0.519963	0.002971724
0.00048	-0.362715	0.002971724
0.000484	-0.193223	0.002971724
0.000488	-0.018898	0.002971724
0.000492	0.157683	0.002971724
0.000496	0.32782	0.002971724
0.0005	0.482489	0.002971724
0.000504	0.621047	0.002971724
0.000508	0.738339	0.002971724
0.000512	0.830174	0.002971724
0.000516	0.895264	0.002971724
0.00052	0.930065	0.002971724
0.000524	0.931676	0.002971724
0.000528	0.897842	0.002971724
0.000532	0.830174	0.002971724
0.000536	0.729961	0.002971724
0.00054	0.604614	0.002971724
0.000544	0.457355	0.002971724
0.000548	0.295919	0.002971724
0.000552	0.123849	0.002971724
0.000556	-0.0524098	0.002971724
0.00056	-0.228669	0.002971724
0.000564	-0.393005	0.002971724
0.000568	-0.54413	0.002971724
0.000572	-0.674954	0.002971724
0.000576	-0.784512	0.002971724
0.00058	-0.868291	0.002971724
0.000584	-0.922748	0.002971724
0.000588	-0.945948	0.002971724
0.000592	-0.935637	0.002971724
0.000596	-0.890525	0.002971724
		
		
		
		
		
		
		
		
		
		
		
		
		
		
		
		
		
		
		
		
		
		
		
		
		
		
		
		
		
		
		
		
		
		
		
		
		
		
		
		
		
		
		
		
		
		
		
		
		
		
		
		
		
		
		
		
		
		
		
		
		
		
		
		
		
		
		
		
		
		
		
		
		
		
		
		
		
		
		
		
		
		
		
		
		
		
		
		
		
		
		
		
		
		
		
		
		
		
		
		
		
		
		
		
		
		
		
		
		
		
		
		
		
		
		
		
		
		
		
		
		
		
		
		
		
		
		
		
		
		
		
		
		
		
		
		
		
		
		
		
		
		
		
		
		
		
		
		
		
		
		
		
		
		
		
		
		
		
		
		
		
		
		
		
		
		
		
		
		
		
		
		
		
		
		
		
		
		
		
		
		
		
		
		
		
		
		
		
		
		
		
		
		
		
		
		
		
		
		
		
		
		
		
		
		
		
		
		
		
		
		
		
		
		
		
		
		
		
		
		
		
		
		
		
		
		
		
		
		
		
		
		
		
		
		
		
		
		
		
		
		
		
		
		
		
		
		
		
		
		
		
		
		
		
		
		
		
		
		
		
		
		
		
		
		
		
		
		
		
		
		
		
		
		
		
		
		
		
		
		
		
		
		
		
		
		
		
		
		
		
		
		
		
		
		
		
		
		
		
		
		
		
		
		
		
		
		
		
		
		
		
		
		
		
		
		
		
		
		
		
		
		
		
		
		
		
		
		
		
		
		
		
		
		
		
		
		
		
		
		
		
		
		
		
		
		
		
		
		
		
		
		
		
		