0	-0.470017	0.002971724
4.00E-06	-0.47324	0.002971724
8.00E-06	-0.475817	0.002971724
1.20E-05	-0.476784	0.002971724
1.60E-05	-0.476462	0.002971724
2.00E-05	-0.475817	0.002971724
2.40E-05	-0.472917	0.002971724
2.80E-05	-0.469695	0.002971724
3.20E-05	-0.463573	0.002971724
3.60E-05	-0.458739	0.002971724
4.00E-05	-0.450684	0.002971724
4.40E-05	-0.441984	0.002971724
4.80E-05	-0.432639	0.002971724
5.20E-05	-0.42265	0.002971724
5.60E-05	-0.410083	0.002971724
6.00E-05	-0.397516	0.002971724
6.40E-05	-0.38366	0.002971724
6.80E-05	-0.370127	0.002971724
7.20E-05	-0.354338	0.002971724
7.60E-05	-0.338226	0.002971724
8.00E-05	-0.32147	0.002971724
8.40E-05	-0.303103	0.002971724
8.80E-05	-0.284736	0.002971724
9.20E-05	-0.264758	0.002971724
9.60E-05	-0.245102	0.002971724
1.00E-04	-0.224802	0.002971724
0.000104	-0.203213	0.002971724
0.000108	-0.180979	0.002971724
0.000112	-0.158101	0.002971724
0.000116	-0.136511	0.002971724
0.00012	-0.113311	0.002971724
0.000124	-0.089466	0.002971724
0.000128	-0.0652989	0.002971724
0.000132	-0.041454	0.002971724
0.000136	-0.0176091	0.002971724
0.00014	0.00623576	0.002971724
0.000144	0.0313696	0.002971724
0.000148	0.0552145	0.002971724
0.000152	0.080026	0.002971724
0.000156	0.102582	0.002971724
0.00016	0.126105	0.002971724
0.000164	0.149627	0.002971724
0.000168	0.174117	0.002971724
0.000172	0.195706	0.002971724
0.000176	0.216973	0.002971724
0.00018	0.237596	0.002971724
0.000184	0.25854	0.002971724
0.000188	0.278519	0.002971724
0.000192	0.29753	0.002971724
0.000196	0.315575	0.002971724
0.0002	0.333942	0.002971724
0.000204	0.350053	0.002971724
0.000208	0.364876	0.002971724
0.000212	0.379698	0.002971724
0.000216	0.393554	0.002971724
0.00022	0.406121	0.002971724
0.000224	0.417721	0.002971724
0.000228	0.428355	0.002971724
0.000232	0.438022	0.002971724
0.000236	0.445755	0.002971724
0.00024	0.453489	0.002971724
0.000244	0.459611	0.002971724
0.000248	0.464122	0.002971724
0.000252	0.468956	0.002971724
0.000256	0.470889	0.002971724
0.00026	0.472178	0.002971724
0.000264	0.471211	0.002971724
0.000268	0.471533	0.002971724
0.000272	0.469278	0.002971724
0.000276	0.467022	0.002971724
0.00028	0.462189	0.002971724
0.000284	0.457033	0.002971724
0.000288	0.451233	0.002971724
0.000292	0.443822	0.002971724
0.000296	0.434477	0.002971724
0.0003	0.425455	0.002971724
0.000304	0.414821	0.002971724
0.000308	0.402254	0.002971724
0.000312	0.39001	0.002971724
0.000316	0.375509	0.002971724
0.00032	0.361654	0.002971724
0.000324	0.345542	0.002971724
0.000328	0.328786	0.002971724
0.000332	0.311386	0.002971724
0.000336	0.292697	0.002971724
0.00034	0.273363	0.002971724
0.000344	0.253707	0.002971724
0.000348	0.233084	0.002971724
0.000352	0.212784	0.002971724
0.000356	0.190873	0.002971724
0.00036	0.167672	0.002971724
0.000364	0.145116	0.002971724
0.000368	0.123527	0.002971724
0.000372	0.0993597	0.002971724
0.000376	0.0761593	0.002971724
0.00038	0.0523144	0.002971724
0.000384	0.0281473	0.002971724
0.000388	0.00365794	0.002971724
0.000392	-0.0205092	0.002971724
0.000396	-0.0440318	0.002971724
0.0004	-0.0688434	0.002971724
0.000404	-0.093655	0.002971724
0.000408	-0.116533	0.002971724
0.000412	-0.140056	0.002971724
0.000416	-0.162934	0.002971724
0.00042	-0.18549	0.002971724
0.000424	-0.206757	0.002971724
0.000428	-0.228991	0.002971724
0.000432	-0.249936	0.002971724
0.000436	-0.269914	0.002971724
0.00044	-0.28957	0.002971724
0.000444	-0.307937	0.002971724
0.000448	-0.325981	0.002971724
0.000452	-0.342415	0.002971724
0.000456	-0.358849	0.002971724
0.00046	-0.374638	0.002971724
0.000464	-0.38946	0.002971724
0.000468	-0.402027	0.002971724
0.000472	-0.415239	0.002971724
0.000476	-0.426517	0.002971724
0.00048	-0.435861	0.002971724
0.000484	-0.445528	0.002971724
0.000488	-0.452295	0.002971724
0.000492	-0.459706	0.002971724
0.000496	-0.466151	0.002971724
0.0005	-0.469695	0.002971724
0.000504	-0.47324	0.002971724
0.000508	-0.474851	0.002971724
0.000512	-0.475495	0.002971724
0.000516	-0.475173	0.002971724
0.00052	-0.473884	0.002971724
0.000524	-0.471306	0.002971724
0.000528	-0.467762	0.002971724
0.000532	-0.462606	0.002971724
0.000536	-0.456806	0.002971724
0.00054	-0.449395	0.002971724
0.000544	-0.441339	0.002971724
0.000548	-0.431672	0.002971724
0.000552	-0.422328	0.002971724
0.000556	-0.409439	0.002971724
0.00056	-0.396549	0.002971724
0.000564	-0.38366	0.002971724
0.000568	-0.369804	0.002971724
0.000572	-0.35466	0.002971724
0.000576	-0.338548	0.002971724
0.00058	-0.321148	0.002971724
0.000584	-0.303748	0.002971724
0.000588	-0.284414	0.002971724
0.000592	-0.264758	0.002971724
0.000596	-0.244136	0.002971724
0.0006	-0.22448	0.002971724
0.000604	-0.202568	0.002971724
0.000608	-0.181301	0.002971724
0.000612	-0.158745	0.002971724
0.000616	-0.135545	0.002971724
0.00062	-0.112989	0.002971724
0.000624	-0.089466	0.002971724
0.000628	-0.0659433	0.002971724
0.000632	-0.0427429	0.002971724
0.000636	-0.0182536	0.002971724
0.00064	0.00623576	0.002971724
0.000644	0.0304029	0.002971724
0.000648	0.0555367	0.002971724
0.000652	0.080026	0.002971724
0.000656	0.104515	0.002971724
0.00066	0.127071	0.002971724
0.000664	0.150594	0.002971724
0.000668	0.172828	0.002971724
0.000672	0.195062	0.002971724
0.000676	0.217295	0.002971724
0.00068	0.237918	0.002971724
0.000684	0.258218	0.002971724
0.000688	0.278519	0.002971724
0.000692	0.297208	0.002971724
0.000696	0.315253	0.002971724
0.0007	0.332975	0.002971724
0.000704	0.350053	0.002971724
0.000708	0.364876	0.002971724
0.000712	0.379376	0.002971724
0.000716	0.392587	0.002971724
0.00072	0.406766	0.002971724
0.000724	0.417721	0.002971724
0.000728	0.428677	0.002971724
0.000732	0.437377	0.002971724
0.000736	0.446077	0.002971724
0.00074	0.453489	0.002971724
0.000744	0.459611	0.002971724
0.000748	0.464767	0.002971724
0.000752	0.468311	0.002971724
0.000756	0.470889	0.002971724
0.00076	0.471856	0.002971724
0.000764	0.4725	0.002971724
0.000768	0.471533	0.002971724
0.000772	0.4696	0.002971724
0.000776	0.465411	0.002971724
0.00078	0.462511	0.002971724
0.000784	0.457355	0.002971724
0.000788	0.450911	0.002971724
0.000792	0.443822	0.002971724
0.000796	0.435122	0.002971724
0.0008	0.42481	0.002971724
0.000804	0.414177	0.002971724
0.000808	0.402254	0.002971724
0.000812	0.389365	0.002971724
0.000816	0.375832	0.002971724
0.00082	0.361009	0.002971724
0.000824	0.345542	0.002971724
0.000828	0.329431	0.002971724
0.000832	0.31203	0.002971724
0.000836	0.292052	0.002971724
0.00084	0.274007	0.002971724
0.000844	0.254674	0.002971724
0.000848	0.233407	0.002971724
0.000852	0.211817	0.002971724
0.000856	0.19055	0.002971724
0.00086	0.168961	0.002971724
0.000864	0.145116	0.002971724
0.000868	0.122238	0.002971724
0.000872	0.0996819	0.002971724
0.000876	0.077126	0.002971724
0.00088	0.0519922	0.002971724
0.000884	0.0278251	0.002971724
0.000888	0.00398017	0.002971724
0.000892	-0.0201869	0.002971724
0.000896	-0.0440318	0.002971724
0.0009	-0.0691656	0.002971724
0.000904	-0.0926883	0.002971724
0.000908	-0.116211	0.002971724
0.000912	-0.139734	0.002971724
0.000916	-0.162612	0.002971724
0.00092	-0.186134	0.002971724
0.000924	-0.208046	0.002971724
0.000928	-0.228669	0.002971724
0.000932	-0.249291	0.002971724
0.000936	-0.269592	0.002971724
0.00094	-0.290214	0.002971724
0.000944	-0.308903	0.002971724
0.000948	-0.325981	0.002971724
0.000952	-0.343382	0.002971724
0.000956	-0.359815	0.002971724
0.00096	-0.373993	0.002971724
0.000964	-0.389138	0.002971724
0.000968	-0.402349	0.002971724
0.000972	-0.414916	0.002971724
0.000976	-0.425872	0.002971724
0.00098	-0.436183	0.002971724
0.000984	-0.44585	0.002971724
0.000988	-0.454228	0.002971724
0.000992	-0.460351	0.002971724
0.000996	-0.465506	0.002971724
0.001	-0.469695	0.002971724
0.001004	-0.472595	0.002971724
0.001008	-0.475173	0.002971724
0.001012	-0.475173	0.002971724
0.001016	-0.475817	0.002971724
0.00102	-0.473884	0.002971724
0.001024	-0.471629	0.002971724
0.001028	-0.466795	0.002971724
0.001032	-0.462284	0.002971724
0.001036	-0.456484	0.002971724
0.00104	-0.449395	0.002971724
0.001044	-0.441017	0.002971724
0.001048	-0.431994	0.002971724
0.001052	-0.421361	0.002971724
0.001056	-0.409116	0.002971724
0.00106	-0.397194	0.002971724
0.001064	-0.383338	0.002971724
0.001068	-0.36916	0.002971724
0.001072	-0.354015	0.002971724
0.001076	-0.337259	0.002971724
0.00108	-0.321148	0.002971724
0.001084	-0.303748	0.002971724
0.001088	-0.284092	0.002971724
0.001092	-0.264758	0.002971724
0.001096	-0.245102	0.002971724
0.0011	-0.224157	0.002971724
0.001104	-0.203535	0.002971724
0.001108	-0.180979	0.002971724
0.001112	-0.159067	0.002971724
0.001116	-0.136189	0.002971724
0.00112	-0.112989	0.002971724
0.001124	-0.0897882	0.002971724
0.001128	-0.0652989	0.002971724
0.001132	-0.0420985	0.002971724
0.001136	-0.0176091	0.002971724
0.00114	0.00720245	0.002971724
0.001144	0.0310473	0.002971724
0.001148	0.0542478	0.002971724
0.001152	0.0793816	0.002971724
0.001156	0.103549	0.002971724
0.00116	0.126749	0.002971724
0.001164	0.14995	0.002971724
0.001168	0.173472	0.002971724
0.001172	0.194417	0.002971724
0.001176	0.217295	0.002971724
0.00118	0.23824	0.002971724
0.001184	0.258218	0.002971724
0.001188	0.278519	0.002971724
0.001192	0.297208	0.002971724
0.001196	0.316542	0.002971724
0.0012	0.332975	0.002971724
0.001204	0.349731	0.002971724
0.001208	0.364876	0.002971724
0.001212	0.380021	0.002971724
0.001216	0.393232	0.002971724
0.00122	0.406443	0.002971724
0.001224	0.418044	0.002971724
0.001228	0.42771	0.002971724
0.001232	0.436733	0.002971724
0.001236	0.4464	0.002971724
0.00124	0.453489	0.002971724
0.001244	0.459611	0.002971724
0.001248	0.465089	0.002971724
0.001252	0.468311	0.002971724
0.001256	0.470567	0.002971724
0.00126	0.471856	0.002971724
0.001264	0.472178	0.002971724
0.001268	0.471211	0.002971724
0.001272	0.470567	0.002971724
0.001276	0.466378	0.002971724
0.00128	0.462511	0.002971724
0.001284	0.457678	0.002971724
0.001288	0.450911	0.002971724
0.001292	0.443822	0.002971724
0.001296	0.434155	0.002971724
0.0013	0.425133	0.002971724
0.001304	0.414499	0.002971724
0.001308	0.402899	0.002971724
0.001312	0.390332	0.002971724
0.001316	0.375832	0.002971724
0.00132	0.360687	0.002971724
0.001324	0.345864	0.002971724
0.001328	0.32782	0.002971724
0.001332	0.31203	0.002971724
0.001336	0.293663	0.002971724
0.00134	0.274007	0.002971724
0.001344	0.254996	0.002971724
0.001348	0.233084	0.002971724
0.001352	0.212462	0.002971724
0.001356	0.19055	0.002971724
0.00136	0.167994	0.002971724
0.001364	0.145761	0.002971724
0.001368	0.12256	0.002971724
0.001372	0.0993597	0.002971724
0.001376	0.0758371	0.002971724
0.00138	0.0529589	0.002971724
0.001384	0.0284695	0.002971724
0.001388	0.00333571	0.002971724
0.001392	-0.0198647	0.002971724
0.001396	-0.0443541	0.002971724
0.0014	-0.0681989	0.002971724
0.001404	-0.0933327	0.002971724
0.001408	-0.116533	0.002971724
0.001412	-0.140056	0.002971724
0.001416	-0.163256	0.002971724
0.00142	-0.186134	0.002971724
0.001424	-0.208368	0.002971724
0.001428	-0.228669	0.002971724
0.001432	-0.250258	0.002971724
0.001436	-0.269269	0.002971724
0.00144	-0.28957	0.002971724
0.001444	-0.307937	0.002971724
0.001448	-0.325981	0.002971724
0.001452	-0.34306	0.002971724
0.001456	-0.359493	0.002971724
0.00146	-0.373993	0.002971724
0.001464	-0.388816	0.002971724
0.001468	-0.402349	0.002971724
0.001472	-0.414272	0.002971724
0.001476	-0.42555	0.002971724
0.00148	-0.436506	0.002971724
0.001484	-0.444884	0.002971724
0.001488	-0.453262	0.002971724
0.001492	-0.460028	0.002971724
0.001496	-0.465184	0.002971724
0.0015	-0.470017	0.002971724
0.001504	-0.472595	0.002971724
0.001508	-0.475173	0.002971724
0.001512	-0.475495	0.002971724
0.001516	-0.475173	0.002971724
0.00152	-0.473884	0.002971724
0.001524	-0.471306	0.002971724
0.001528	-0.467762	0.002971724
0.001532	-0.462606	0.002971724
0.001536	-0.455839	0.002971724
0.00154	-0.449073	0.002971724
0.001544	-0.440372	0.002971724
0.001548	-0.431994	0.002971724
0.001552	-0.421039	0.002971724
0.001556	-0.410083	0.002971724
0.00156	-0.397194	0.002971724
0.001564	-0.38366	0.002971724
0.001568	-0.369482	0.002971724
0.001572	-0.353693	0.002971724
0.001576	-0.338226	0.002971724
0.00158	-0.321148	0.002971724
0.001584	-0.303103	0.002971724
0.001588	-0.284736	0.002971724
0.001592	-0.266047	0.002971724
0.001596	-0.245747	0.002971724
0.0016	-0.22448	0.002971724
0.001604	-0.203857	0.002971724
0.001608	-0.181623	0.002971724
0.001612	-0.159067	0.002971724
0.001616	-0.136834	0.002971724
0.00162	-0.113955	0.002971724
0.001624	-0.0904327	0.002971724
0.001628	-0.0665878	0.002971724
0.001632	-0.0433874	0.002971724
0.001636	-0.0185758	0.002971724
0.00164	0.00623576	0.002971724
0.001644	0.0304029	0.002971724
0.001648	0.0552145	0.002971724
0.001652	0.0797038	0.002971724
0.001656	0.102904	0.002971724
0.00166	0.126749	0.002971724
0.001664	0.149627	0.002971724
0.001668	0.172828	0.002971724
0.001672	0.195062	0.002971724
0.001676	0.217295	0.002971724
0.00168	0.239207	0.002971724
0.001684	0.258863	0.002971724
0.001688	0.278519	0.002971724
0.001692	0.297852	0.002971724
0.001696	0.31493	0.002971724
0.0017	0.333297	0.002971724
0.001704	0.350376	0.002971724
0.001708	0.364876	0.002971724
0.001712	0.379698	0.002971724
0.001716	0.392587	0.002971724
0.00172	0.406121	0.002971724
0.001724	0.417399	0.002971724
0.001728	0.428355	0.002971724
0.001732	0.438022	0.002971724
0.001736	0.445755	0.002971724
0.00174	0.453489	0.002971724
0.001744	0.460255	0.002971724
0.001748	0.464767	0.002971724
0.001752	0.468311	0.002971724
0.001756	0.470889	0.002971724
0.00176	0.472178	0.002971724
0.001764	0.472178	0.002971724
0.001768	0.471856	0.002971724
0.001772	0.470245	0.002971724
0.001776	0.466378	0.002971724
0.00178	0.462189	0.002971724
0.001784	0.457678	0.002971724
0.001788	0.451233	0.002971724
0.001792	0.4435	0.002971724
0.001796	0.434799	0.002971724
0.0018	0.425133	0.002971724
0.001804	0.414177	0.002971724
0.001808	0.401932	0.002971724
0.001812	0.389687	0.002971724
0.001816	0.376154	0.002971724
0.00182	0.360687	0.002971724
0.001824	0.345864	0.002971724
0.001828	0.328464	0.002971724
0.001832	0.312675	0.002971724
0.001836	0.292697	0.002971724
0.00184	0.274652	0.002971724
0.001844	0.254352	0.002971724
0.001848	0.235018	0.002971724
0.001852	0.213106	0.002971724
0.001856	0.191195	0.002971724
0.00186	0.168961	0.002971724
0.001864	0.146405	0.002971724
0.001868	0.123205	0.002971724
0.001872	0.100004	0.002971724
0.001876	0.077126	0.002971724
0.00188	0.0529589	0.002971724
0.001884	0.0275028	0.002971724
0.001888	0.0043024	0.002971724
0.001892	-0.0208314	0.002971724
0.001896	-0.0437096	0.002971724
0.0019	-0.0688434	0.002971724
0.001904	-0.0933327	0.002971724
0.001908	-0.117178	0.002971724
0.001912	-0.1407	0.002971724
0.001916	-0.164223	0.002971724
0.00192	-0.18549	0.002971724
0.001924	-0.207724	0.002971724
0.001928	-0.228991	0.002971724
0.001932	-0.249613	0.002971724
0.001936	-0.269914	0.002971724
0.00194	-0.28957	0.002971724
0.001944	-0.307937	0.002971724
0.001948	-0.326304	0.002971724
0.001952	-0.343382	0.002971724
0.001956	-0.358526	0.002971724
0.00196	-0.374316	0.002971724
0.001964	-0.389138	0.002971724
0.001968	-0.402027	0.002971724
0.001972	-0.414594	0.002971724
0.001976	-0.425872	0.002971724
0.00198	-0.435861	0.002971724
0.001984	-0.445528	0.002971724
0.001988	-0.453262	0.002971724
0.001992	-0.460028	0.002971724
0.001996	-0.465506	0.002971724