0	0.399677	0.002971724
4.00E-06	0.274007	0.002971724
8.00E-06	0.0867928	0.002971724
1.20E-05	-0.119433	0.002971724
1.60E-05	-0.298914	0.002971724
2.00E-05	-0.410405	0.002971724
2.40E-05	-0.434895	0.002971724
2.80E-05	-0.362715	0.002971724
3.20E-05	-0.206113	0.002971724
3.60E-05	-0.00633114	0.002971724
4.00E-05	0.19345	0.002971724
4.40E-05	0.347476	0.002971724
4.80E-05	0.425455	0.002971724
5.20E-05	0.408054	0.002971724
5.60E-05	0.296886	0.002971724
6.00E-05	0.116116	0.002971724
6.40E-05	-0.0888215	0.002971724
6.80E-05	-0.275392	0.002971724
7.20E-05	-0.400738	0.002971724
7.60E-05	-0.438761	0.002971724
8.00E-05	-0.381727	0.002971724
8.40E-05	-0.236724	0.002971724
8.80E-05	-0.0398429	0.002971724
9.20E-05	0.162839	0.002971724
9.60E-05	0.327175	0.002971724
1.00E-04	0.417721	0.002971724
0.000104	0.415788	0.002971724
0.000108	0.318153	0.002971724
0.000112	0.146727	0.002971724
0.000116	-0.0591766	0.002971724
0.00012	-0.250258	0.002971724
0.000124	-0.38656	0.002971724
0.000128	-0.440695	0.002971724
0.000132	-0.397516	0.002971724
0.000136	-0.264758	0.002971724
0.00014	-0.0739991	0.002971724
0.000144	0.131905	0.002971724
0.000148	0.305586	0.002971724
0.000152	0.409343	0.002971724
0.000156	0.422233	0.002971724
0.00016	0.340386	0.002971724
0.000164	0.176695	0.002971724
0.000168	-0.0256648	0.002971724
0.000172	-0.223191	0.002971724
0.000176	-0.370449	0.002971724
0.00018	-0.438117	0.002971724
0.000184	-0.411694	0.002971724
0.000188	-0.291181	0.002971724
0.000192	-0.106222	0.002971724
0.000196	0.100326	0.002971724
0.0002	0.281741	0.002971724
0.000204	0.397421	0.002971724
0.000208	0.427066	0.002971724
0.000212	0.358754	0.002971724
0.000216	0.206984	0.002971724
0.00022	0.00623576	0.002971724
0.000224	-0.194835	0.002971724
0.000228	-0.352404	0.002971724
0.000232	-0.433283	0.002971724
0.000236	-0.422328	0.002971724
0.00024	-0.315992	0.002971724
0.000244	-0.137478	0.002971724
0.000248	0.0677814	0.002971724
0.000252	0.25564	0.002971724
0.000256	0.384532	0.002971724
0.00026	0.428033	0.002971724
0.000264	0.376154	0.002971724
0.000268	0.234051	0.002971724
0.000272	0.0397475	0.002971724
0.000276	-0.164545	0.002971724
0.00028	-0.331782	0.002971724
0.000284	-0.427161	0.002971724
0.000288	-0.430061	0.002971724
0.000292	-0.337904	0.002971724
0.000296	-0.168412	0.002971724
0.0003	0.0352363	0.002971724
0.000304	0.229218	0.002971724
0.000308	0.369387	0.002971724
0.000312	0.428033	0.002971724
0.000316	0.390332	0.002971724
0.00032	0.262085	0.002971724
0.000324	0.0716481	0.002971724
0.000328	-0.133611	0.002971724
0.000332	-0.309548	0.002971724
0.000336	-0.417172	0.002971724
0.00034	-0.436506	0.002971724
0.000344	-0.358204	0.002971724
0.000348	-0.198701	0.002971724
0.000352	0.00236903	0.002971724
0.000356	0.201506	0.002971724
0.00036	0.352953	0.002971724
0.000364	0.42481	0.002971724
0.000368	0.402899	0.002971724
0.000372	0.286252	0.002971724
0.000376	0.104193	0.002971724
0.00038	-0.101388	0.002971724
0.000384	-0.285381	0.002971724
0.000388	-0.405572	0.002971724
0.000392	-0.439728	0.002971724
0.000396	-0.377216	0.002971724
		
		
		
		
		
		
		
		
		
		
		
		
		
		
		
		
		
		
		
		
		
		
		
		
		
		
		
		
		
		
		
		
		
		
		
		
		
		
		
		
		
		
		
		
		
		
		
		
		
		
		
		
		
		
		
		
		
		
		
		
		
		
		
		
		
		
		
		
		
		
		
		
		
		
		
		
		
		
		
		
		
		
		
		
		
		
		
		
		
		
		
		
		
		
		
		
		
		
		
		
		
		
		
		
		
		
		
		
		
		
		
		
		
		
		
		
		
		
		
		
		
		
		
		
		
		
		
		
		
		
		
		
		
		
		
		
		
		
		
		
		
		
		
		
		
		
		
		
		
		
		
		
		
		
		
		
		
		
		
		
		
		
		
		
		
		
		
		
		
		
		
		
		
		
		
		
		
		
		
		
		
		
		
		
		
		
		
		
		
		
		
		
		
		
		
		
		
		
		
		
		
		
		
		
		
		
		
		
		
		
		
		
		
		
		
		
		
		
		
		
		
		
		
		
		
		
		
		
		
		
		
		
		
		
		
		
		
		
		
		
		
		
		
		
		
		
		
		
		
		
		
		
		
		
		
		
		
		
		
		
		
		
		
		
		
		
		
		
		
		
		
		
		
		
		
		
		
		
		
		
		
		
		
		
		
		
		
		
		
		
		
		
		
		
		
		
		
		
		
		
		
		
		
		
		
		
		
		
		
		
		
		
		
		
		
		
		
		
		
		
		
		
		
		
		
		
		
		
		
		
		
		
		
		
		
		
		
		
		
		
		
		
		
		
		
		
		
		
		
		
		
		
		
		
		
		
		
		
		
		
		
		
		
		
		
		
		
		
		
		
		
		
		
		
		
		
		
		
		
		
		
		
		
		
		
		
		
		
		
		
		
		
		
		
		
		
		
		
		
		
		
		
		
		