0	-1.51242	0.002971724
4.00E-06	-1.79792	0.002971724
8.00E-06	-1.68417	0.002971724
1.20E-05	-1.19986	0.002971724
1.60E-05	-0.43425	0.002971724
2.00E-05	0.419977	0.002971724
2.40E-05	1.18301	0.002971724
2.80E-05	1.67893	0.002971724
3.20E-05	1.79718	0.002971724
3.60E-05	1.51749	0.002971724
4.00E-05	0.894297	0.002971724
4.40E-05	0.0690703	0.002971724
4.80E-05	-0.7655	0.002971724
5.20E-05	-1.43412	0.002971724
5.60E-05	-1.78084	0.002971724
6.00E-05	-1.72928	0.002971724
6.40E-05	-1.29299	0.002971724
6.80E-05	-0.56443	0.002971724
7.20E-05	0.284641	0.002971724
7.60E-05	1.07829	0.002971724
8.00E-05	1.62447	0.002971724
8.40E-05	1.80621	0.002971724
8.80E-05	1.58645	0.002971724
9.20E-05	1.01352	0.002971724
9.60E-05	0.20924	0.002971724
1.00E-04	-0.643376	0.002971724
0.000104	-1.34648	0.002971724
0.000108	-1.75184	0.002971724
0.000112	-1.76344	0.002971724
0.000116	-1.38224	0.002971724
0.00012	-0.689132	0.002971724
0.000124	0.15285	0.002971724
0.000128	0.964865	0.002971724
0.000132	1.5597	0.002971724
0.000136	1.80556	0.002971724
0.00014	1.64251	0.002971724
0.000144	1.11664	0.002971724
0.000148	0.343931	0.002971724
0.000152	-0.51384	0.002971724
0.000156	-1.25142	0.002971724
0.00016	-1.71092	0.002971724
0.000164	-1.79437	0.002971724
0.000168	-1.46538	0.002971724
0.000172	-0.813835	0.002971724
0.000176	0.0165471	0.002971724
0.00018	0.845963	0.002971724
0.000184	1.48527	0.002971724
0.000188	1.79589	0.002971724
0.000192	1.69761	0.002971724
0.000196	1.22652	0.002971724
0.0002	0.473467	0.002971724
0.000204	-0.378827	0.002971724
0.000208	-1.15217	0.002971724
0.000212	-1.66226	0.002971724
0.000216	-1.80211	0.002971724
0.00022	-1.54465	0.002971724
0.000224	-0.93757	0.002971724
0.000228	-0.117178	0.002971724
0.000232	0.725127	0.002971724
0.000236	1.40213	0.002971724
0.00024	1.76786	0.002971724
0.000244	1.74047	0.002971724
0.000248	1.31932	0.002971724
0.000252	0.603969	0.002971724
0.000256	-0.247358	0.002971724
0.00026	-1.04423	0.002971724
0.000264	-1.60426	0.002971724
0.000268	-1.80694	0.002971724
0.000272	-1.60684	0.002971724
0.000276	-1.05389	0.002971724
0.00028	-0.254769	0.002971724
0.000284	0.596236	0.002971724
0.000288	1.31416	0.002971724
0.000292	1.7395	0.002971724
0.000296	1.76689	0.002971724
0.0003	1.40664	0.002971724
0.000304	0.735116	0.002971724
0.000308	-0.107511	0.002971724
0.000312	-0.930803	0.002971724
0.000316	-1.53853	0.002971724
0.00032	-1.80243	0.002971724
0.000324	-1.66581	0.002971724
0.000328	-1.15475	0.002971724
0.000332	-0.38366	0.002971724
0.000336	0.468633	0.002971724
0.00034	1.22104	0.002971724
0.000344	1.69375	0.002971724
0.000348	1.79299	0.002971724
0.000352	1.49332	0.002971724
0.000356	0.849185	0.002971724
0.00036	0.0278251	0.002971724
0.000364	-0.81029	0.002971724
0.000368	-1.46055	0.002971724
0.000372	-1.79051	0.002971724
0.000376	-1.71382	0.002971724
0.00038	-1.254	0.002971724
0.000384	-0.51964	0.002971724
0.000388	0.334586	0.002971724
0.000392	1.11406	0.002971724
0.000396	1.64412	0.002971724
		
		
		
		
		
		
		
		
		
		
		
		
		
		
		
		
		
		
		
		
		
		
		
		
		
		
		
		
		
		
		
		
		
		
		
		
		
		
		
		
		
		
		
		
		
		
		
		
		
		
		
		
		
		
		
		
		
		
		
		
		
		
		
		
		
		
		
		
		
		
		
		
		
		
		
		
		
		
		
		
		
		
		
		
		
		
		
		
		
		
		
		
		
		
		
		
		
		
		
		
		
		
		
		
		
		
		
		
		
		
		
		
		
		
		
		
		
		
		
		
		
		
		
		
		
		
		
		
		
		
		
		
		
		
		
		
		
		
		
		
		
		
		
		
		
		
		
		
		
		
		
		
		
		
		
		
		
		
		
		
		
		
		
		
		
		
		
		
		
		
		
		
		
		
		
		
		
		
		
		
		
		
		
		
		
		
		
		
		
		
		
		
		
		
		
		
		
		
		
		
		
		
		
		
		
		
		
		
		
		
		
		
		
		
		
		
		
		
		
		
		
		
		
		
		
		
		
		
		
		
		
		
		
		
		
		
		
		
		
		
		
		
		
		
		
		
		
		
		
		
		
		
		
		
		
		
		
		
		
		
		
		
		
		
		
		
		
		
		
		
		
		
		
		
		
		
		
		
		
		
		
		
		
		
		
		
		
		
		
		
		
		
		
		
		
		
		
		
		
		
		
		
		
		
		
		
		
		
		
		
		
		
		
		
		
		
		
		
		
		
		
		
		
		
		
		
		
		
		
		
		
		
		
		
		
		
		
		
		
		
		
		
		
		
		
		
		
		
		
		
		
		
		
		
		
		
		
		
		
		
		
		
		
		
		
		
		
		
		
		
		
		
		
		
		
		
		
		
		
		
		
		
		
		
		
		
		
		
		
		
		
		
		
		
		
		
		
		
		
		
		
		
		
		